0 0.977343 0.008846 -0.211476 -0.070689 -0.011805 0.999849 -0.012731 -0.003658 0.211332 0.014939 0.977300 0.004289 -0.000000 0.000000 -0.000000 1.000000 
1 0.905078 0.015911 -0.424949 -0.140365 -0.028276 0.999340 -0.022806 -0.006119 0.424306 0.032657 0.904930 -0.008048 -0.000000 0.000000 -0.000000 1.000000 
2 0.751493 0.018077 -0.659493 -0.227323 -0.050380 0.998278 -0.030044 -0.012259 0.657814 0.055803 0.751110 -0.042883 -0.000000 0.000000 -0.000000 1.000000 
3 0.601321 0.014573 -0.798874 -0.281150 -0.067911 0.997148 -0.032928 -0.010422 0.796116 0.074053 0.600595 -0.079129 -0.000000 0.000000 -0.000000 1.000000 
4 0.425932 0.007021 -0.904727 -0.325291 -0.085006 0.995856 -0.032291 -0.008238 0.900752 0.090661 0.424764 -0.125322 -0.000000 0.000000 -0.000000 1.000000 
5 0.596790 0.013784 -0.802278 -0.281605 -0.068624 0.997065 -0.033916 -0.008410 0.799457 0.075296 0.595985 -0.079790 -0.000000 0.000000 -0.000000 1.000000 
6 0.752074 0.016870 -0.658862 -0.221688 -0.051220 0.998145 -0.032909 -0.005694 0.657085 0.058497 0.751543 -0.039935 -0.000000 0.000000 -0.000000 1.000000 
7 0.879744 0.015905 -0.475180 -0.155020 -0.032257 0.999134 -0.026276 -0.004983 0.474351 0.038444 0.879495 -0.012419 -0.000000 0.000000 -0.000000 1.000000 
8 0.960111 0.011861 -0.279366 -0.088157 -0.017266 0.999707 -0.016896 -0.002128 0.279084 0.021046 0.960035 0.001085 -0.000000 0.000000 -0.000000 1.000000 
9 0.998698 0.002578 -0.050961 -0.017334 -0.002783 0.999989 -0.003941 0.002206 0.050950 0.004078 0.998693 0.005167 -0.000000 0.000000 -0.000000 1.000000 
10 0.987425 -0.007910 0.157894 0.049319 0.006464 0.999932 0.009674 0.007379 -0.157960 -0.008531 0.987409 -0.007263 0.000000 -0.000000 -0.000000 1.000000 
11 0.932373 -0.020451 0.360920 0.111488 0.012226 0.999611 0.025057 0.014017 -0.361293 -0.018950 0.932260 -0.028681 0.000000 -0.000000 -0.000000 1.000000 
12 0.837719 -0.034672 0.545000 0.169185 0.014833 0.999059 0.040759 0.020883 -0.545900 -0.026060 0.837444 -0.063704 0.000000 -0.000000 -0.000000 1.000000 
13 0.939081 -0.022178 0.342979 0.104239 0.014049 0.999559 0.026168 0.017586 -0.343408 -0.019755 0.938978 -0.024110 0.000000 -0.000000 -0.000000 1.000000 
14 0.989500 -0.008578 0.144275 0.043466 0.007101 0.999917 0.010747 0.009976 -0.144355 -0.009610 0.989479 -0.005517 0.000000 -0.000000 -0.000000 1.000000 
15 0.995572 0.004157 -0.093910 -0.030618 -0.004499 0.999984 -0.003435 -0.000737 0.093894 0.003842 0.995575 0.004123 -0.000000 0.000000 -0.000000 1.000000 
16 0.994539 -0.003392 -0.104314 -0.033233 0.026355 0.975242 0.219563 0.004269 0.100987 -0.221113 0.970006 0.005792 -0.000000 -0.000000 -0.000000 1.000000 
17 0.994548 -0.004185 -0.104196 -0.032554 0.048350 0.903807 0.425200 0.017340 0.092394 -0.427920 0.899082 0.004158 -0.000000 -0.000000 -0.000000 1.000000 
18 0.988941 -0.002711 -0.148282 -0.041261 0.096629 0.770258 0.630369 0.022448 0.112507 -0.637727 0.762002 0.004238 -0.000000 -0.000000 -0.000000 1.000000 
19 0.981405 0.000312 -0.191946 -0.048523 0.151266 0.614334 0.774411 0.026518 0.118161 -0.789045 0.602864 0.002228 -0.000000 -0.000000 -0.000000 1.000000 
20 0.960368 0.007440 -0.278636 -0.059690 0.250023 0.418904 0.872932 0.018120 0.123215 -0.908001 0.400441 0.003324 -0.000000 -0.000000 -0.000000 1.000000 
21 0.954049 0.010387 -0.299473 -0.073789 0.291232 0.203109 0.934843 0.019903 0.070535 -0.979102 0.190750 0.004989 -0.000000 -0.000000 -0.000000 1.000000 
22 0.951139 -0.002334 -0.308759 -0.083692 0.279547 0.431131 0.857895 0.015894 0.131110 -0.902288 0.410716 0.031248 -0.000000 -0.000000 -0.000000 1.000000 
23 0.952695 0.002912 -0.303919 -0.075204 0.235952 0.623211 0.745614 0.014707 0.191574 -0.782050 0.593041 0.028305 -0.000000 -0.000000 -0.000000 1.000000 
24 0.968767 0.006700 -0.247942 -0.052755 0.154902 0.764400 0.625885 0.013856 0.193721 -0.644733 0.739461 0.009492 -0.000000 -0.000000 -0.000000 1.000000 
25 0.978765 0.004304 -0.205013 -0.046047 0.091624 0.885266 0.456009 0.004028 0.183455 -0.465099 0.866045 0.010052 -0.000000 -0.000000 -0.000000 1.000000 
26 0.983408 0.003511 -0.181457 -0.038224 0.045984 0.962386 0.267834 -0.005970 0.175573 -0.271723 0.946228 0.008258 -0.000000 -0.000000 -0.000000 1.000000 
27 0.987737 0.002389 -0.156201 -0.031862 0.004908 0.998931 0.046327 -0.014216 0.156145 -0.046515 0.986643 0.004638 -0.000000 -0.000000 -0.000000 1.000000 
28 0.998382 -0.024246 0.051426 -0.529384 0.023489 0.999607 0.015272 -0.044646 -0.051776 -0.014039 0.998560 -0.098928 0.000000 -0.000000 -0.000000 1.000000 
29 0.957170 -0.051118 0.284978 -0.805159 0.042321 0.998420 0.036944 -0.087053 -0.286416 -0.023301 0.957822 0.041757 0.000000 -0.000000 -0.000000 1.000000 
30 0.877847 -0.069751 0.473833 -0.872066 0.048223 0.997182 0.057449 -0.105577 -0.476505 -0.027582 0.878739 0.239442 0.000000 -0.000000 -0.000000 1.000000 
31 0.760308 -0.084298 0.644068 -0.775398 0.049386 0.996174 0.072084 -0.106714 -0.647681 -0.022998 0.761564 0.414687 0.000000 -0.000000 -0.000000 1.000000 
32 0.601750 -0.101854 0.792162 -0.598095 0.049734 0.994688 0.090115 -0.099330 -0.797133 -0.014829 0.603620 0.562615 0.000000 -0.000000 -0.000000 1.000000 
33 0.424460 -0.114488 0.898178 -0.400884 0.044963 0.993414 0.105379 -0.088730 -0.904328 -0.004345 0.426813 0.661152 0.000000 -0.000000 -0.000000 1.000000 
34 0.233919 -0.125035 0.964182 -0.194799 0.037447 0.992117 0.119573 -0.075330 -0.971534 0.008135 0.236758 0.714522 -0.000000 -0.000000 -0.000000 1.000000 
35 0.012392 -0.137060 0.990484 0.032119 0.044083 0.989672 0.136396 -0.035774 -0.998950 0.041973 0.018306 0.751398 -0.000000 -0.000000 -0.000000 1.000000 
36 -0.191262 -0.139920 0.971514 0.253934 0.039140 0.987911 0.149987 -0.006272 -0.980757 0.066712 -0.183474 0.724365 -0.000000 -0.000000 -0.000000 1.000000 
37 -0.388761 -0.132722 0.911728 0.464169 0.032290 0.986997 0.157448 0.025158 -0.920771 0.090649 -0.379421 0.659889 -0.000000 -0.000000 -0.000000 1.000000 
38 -0.568747 -0.122467 0.813343 0.655983 0.016098 0.987004 0.159873 0.043659 -0.822353 0.104021 -0.559385 0.533694 -0.000000 -0.000000 -0.000000 1.000000 
39 -0.722682 -0.109162 0.682504 0.812009 0.000215 0.987412 0.158158 0.059119 -0.691179 0.114445 -0.713563 0.370065 -0.000000 -0.000000 -0.000000 1.000000 
40 -0.848719 -0.094827 0.520269 0.934018 -0.016501 0.988060 0.153172 0.075924 -0.528583 0.121415 -0.840152 0.176704 -0.000000 -0.000000 0.000000 1.000000 
41 -0.938678 -0.077681 0.335925 1.011613 -0.030192 0.989064 0.144349 0.088838 -0.343465 0.125355 -0.930761 -0.036840 -0.000000 -0.000000 0.000000 1.000000 
42 -0.990610 -0.059328 0.123157 1.046070 -0.042872 0.990291 0.132217 0.100691 -0.129806 0.125696 -0.983538 -0.277839 -0.000000 -0.000000 0.000000 1.000000 
43 -0.993066 -0.041289 -0.110048 1.025324 -0.054061 0.991807 0.115723 0.110218 0.104368 0.120870 -0.987165 -0.533501 0.000000 -0.000000 0.000000 1.000000 
44 -0.985962 -0.042499 -0.161461 1.011377 -0.025559 0.994080 -0.105579 -0.009292 0.164992 -0.099970 -0.981214 -0.598468 0.000000 0.000000 0.000000 1.000000 
45 -0.989604 -0.044769 -0.136655 1.017274 0.000142 0.949996 -0.312254 -0.118699 0.143802 -0.309027 -0.940117 -0.554463 0.000000 0.000000 0.000000 1.000000 
46 -0.990615 -0.044663 -0.129158 1.018440 0.031193 0.846243 -0.531879 -0.237289 0.133055 -0.530917 -0.836911 -0.500544 0.000000 0.000000 0.000000 1.000000 
47 -0.995211 -0.048684 -0.084733 1.032155 0.024839 0.712572 -0.701156 -0.293814 0.094514 -0.699904 -0.707952 -0.416416 0.000000 0.000000 0.000000 1.000000 
48 -0.990102 -0.067863 0.122832 1.066981 -0.137105 0.654426 -0.743589 -0.135367 -0.029923 -0.753071 -0.657255 -0.279185 0.000000 0.000000 -0.000000 1.000000 
49 -0.945349 -0.078367 0.316496 1.065923 -0.281891 0.684246 -0.672563 0.039740 -0.163855 -0.725025 -0.668944 -0.153257 0.000000 0.000000 -0.000000 1.000000 
50 -0.841980 -0.088692 0.532177 1.026604 -0.410593 0.745214 -0.525419 0.222249 -0.349985 -0.660903 -0.663873 0.027074 0.000000 0.000000 -0.000000 1.000000 
51 -0.690949 -0.103204 0.715514 0.916061 -0.510669 0.770238 -0.382031 0.377757 -0.511689 -0.629357 -0.584898 0.227957 0.000000 0.000000 -0.000000 1.000000 
52 -0.533799 -0.111736 0.838208 0.768772 -0.536090 0.811299 -0.233240 0.448317 -0.653976 -0.573862 -0.492970 0.409312 0.000000 0.000000 -0.000000 1.000000 
53 -0.301259 -0.120210 0.945943 0.539203 -0.574299 0.814793 -0.079344 0.494315 -0.761211 -0.567159 -0.314500 0.575832 0.000000 0.000000 -0.000000 1.000000 
54 -0.080901 -0.125236 0.988837 0.266818 -0.542216 0.837977 0.061771 0.483425 -0.836354 -0.531169 -0.135704 0.743818 0.000000 0.000000 -0.000000 1.000000 
55 -0.052077 -0.148895 0.987494 0.182748 -0.359898 0.925187 0.120524 0.354848 -0.931553 -0.349128 -0.101773 0.778670 0.000000 0.000000 -0.000000 1.000000 
56 -0.137180 -0.150019 0.979133 0.188773 -0.171221 0.977190 0.125736 0.155511 -0.975651 -0.150411 -0.159741 0.807609 0.000000 0.000000 -0.000000 1.000000 
57 -0.208996 -0.141254 0.967674 0.244046 0.020438 0.988682 0.148738 -0.028457 -0.977718 0.050848 -0.203745 0.756923 -0.000000 -0.000000 -0.000000 1.000000 
58 -0.402951 -0.130965 0.905817 0.442864 0.016766 0.988503 0.150378 -0.005606 -0.915084 0.075767 -0.396120 0.692930 -0.000000 -0.000000 -0.000000 1.000000 
59 -0.592017 -0.119024 0.797104 0.653339 0.002191 0.988809 0.149273 0.010374 -0.805940 0.090104 -0.585126 0.557141 -0.000000 -0.000000 -0.000000 1.000000 
60 -0.748184 -0.107473 0.654748 0.820965 -0.015026 0.989302 0.145208 0.025893 -0.663342 0.098790 -0.741787 0.383721 -0.000000 -0.000000 0.000000 1.000000 
61 -0.875153 -0.091478 0.475147 0.953088 -0.028152 0.989946 0.138721 0.040145 -0.483056 0.108012 -0.868919 0.172134 -0.000000 -0.000000 0.000000 1.000000 
62 -0.961546 -0.079760 0.262861 0.849508 -0.046351 0.990326 0.130900 0.049722 -0.270758 0.113671 -0.955927 -0.113685 -0.000000 -0.000000 0.000000 1.000000 
63 -0.997232 -0.070518 0.024212 0.649785 -0.067308 0.991203 0.114078 0.054369 -0.032047 0.112124 -0.993191 -0.374083 -0.000000 -0.000000 0.000000 1.000000 
64 -0.980238 -0.065850 -0.186623 0.394000 -0.086160 0.990959 0.102969 0.050519 0.178150 0.117008 -0.977035 -0.540576 0.000000 -0.000000 0.000000 1.000000 
65 -0.907776 -0.040717 -0.417515 -0.070106 -0.082239 0.993248 0.081979 0.019549 0.411350 0.108752 -0.904979 -0.703253 0.000000 -0.000000 0.000000 1.000000 
66 -0.795605 -0.037795 -0.604663 -0.558878 -0.094961 0.993507 0.062870 -0.017360 0.598351 0.107440 -0.794013 -0.678857 0.000000 -0.000000 0.000000 1.000000 
67 -0.624163 -0.019784 -0.781065 -1.000013 -0.078290 0.996244 0.037345 -0.055224 0.777380 0.084464 -0.623354 -0.435275 0.000000 -0.000000 0.000000 1.000000 
68 -0.509357 -0.013702 -0.860465 -1.109825 0.070776 0.995834 -0.057739 -0.093317 0.857656 -0.090302 -0.506254 -0.180511 0.000000 0.000000 0.000000 1.000000 
69 -0.506351 -0.012655 -0.862253 -1.117668 0.273238 0.946035 -0.174327 -0.123403 0.817910 -0.323859 -0.475559 -0.143204 0.000000 0.000000 0.000000 1.000000 
70 -0.502504 -0.011272 -0.864520 -1.117955 0.437841 0.858919 -0.265681 -0.137797 0.745528 -0.512014 -0.426668 -0.109871 0.000000 0.000000 0.000000 1.000000 
71 -0.418112 -0.007661 -0.908380 -1.098267 0.290593 0.946310 -0.141723 -0.090168 0.860677 -0.323212 -0.393429 -0.040955 0.000000 0.000000 0.000000 1.000000 
72 -0.398798 -0.007424 -0.917026 -1.093794 0.103629 0.993213 -0.053095 -0.081569 0.911181 -0.116194 -0.395313 -0.039458 0.000000 0.000000 0.000000 1.000000 
73 -0.292578 -0.001294 -0.956256 -1.050951 -0.049880 0.998672 0.013921 -0.078214 0.954955 0.051781 -0.292244 0.057284 0.000000 -0.000000 0.000000 1.000000 
74 -0.090189 0.002323 -0.995936 -0.945646 -0.044298 0.999011 0.006350 -0.078287 0.994954 0.044702 -0.089991 0.253324 0.000000 -0.000000 0.000000 1.000000 
75 0.115472 0.002151 -0.993321 -0.806268 -0.033154 0.999462 -0.001685 -0.075769 0.992772 0.033141 0.115485 0.426551 -0.000000 0.000000 -0.000000 1.000000 
76 0.312933 -0.003011 -0.949783 -0.635074 -0.013785 0.999889 -0.007709 -0.065200 0.949691 0.015519 0.312856 0.563123 -0.000000 0.000000 -0.000000 1.000000 
77 0.332855 -0.006992 -0.942964 -0.624511 0.197065 0.978425 0.062310 0.064575 0.922172 -0.206548 0.327049 0.573943 -0.000000 -0.000000 -0.000000 1.000000 
78 0.333607 -0.006053 -0.942705 -0.627948 0.402933 0.904972 0.136784 0.201500 0.852279 -0.425460 0.304340 0.546312 -0.000000 -0.000000 -0.000000 1.000000 
79 0.321244 -0.010471 -0.946950 -0.655486 0.210117 0.975819 0.060493 0.069817 0.923407 -0.218387 0.315675 0.567759 -0.000000 -0.000000 -0.000000 1.000000 
80 0.273196 -0.004510 -0.961960 -0.667965 0.017012 0.999869 0.000147 -0.047356 0.961823 -0.016391 0.273237 0.541496 -0.000000 -0.000000 -0.000000 1.000000 
81 0.108977 -0.045271 -0.993026 -0.799498 -0.095668 0.993860 -0.055803 -0.135995 0.989445 0.101094 0.103981 0.411830 -0.000000 0.000000 -0.000000 1.000000 
82 0.060620 -0.055461 -0.996632 -0.826216 -0.301788 0.950719 -0.071258 -0.214382 0.951461 0.305099 0.040902 0.307736 -0.000000 0.000000 -0.000000 1.000000 
83 0.147587 0.004300 -0.989052 -0.863515 -0.491589 0.868053 -0.069579 -0.159094 0.858247 0.496481 0.130233 0.300417 -0.000000 0.000000 -0.000000 1.000000 
84 0.381980 -0.017333 -0.924020 -0.729649 -0.417917 0.888526 -0.189429 -0.209637 0.824297 0.458528 0.332158 0.464884 -0.000000 0.000000 -0.000000 1.000000 
85 0.571027 -0.038354 -0.820049 -0.601293 -0.336507 0.900205 -0.276425 -0.239924 0.748813 0.433806 0.501134 0.569185 -0.000000 0.000000 -0.000000 1.000000 
86 0.583947 0.039433 -0.810847 -0.608708 -0.531705 0.773347 -0.345310 -0.363203 0.613453 0.632777 0.472562 0.485800 -0.000000 0.000000 -0.000000 1.000000 
87 0.735059 0.038027 -0.676952 -0.414409 -0.453197 0.770177 -0.448837 -0.463208 0.504310 0.636717 0.583358 0.564645 -0.000000 0.000000 -0.000000 1.000000 
88 0.572854 0.112986 -0.811847 -0.613351 -0.622544 0.704266 -0.341265 -0.420022 0.533204 0.700906 0.473781 0.507317 -0.000000 0.000000 -0.000000 1.000000 
89 0.400600 0.133989 -0.906415 -0.783027 -0.731786 0.642098 -0.228503 -0.375931 0.551396 0.754840 0.355279 0.425799 -0.000000 0.000000 -0.000000 1.000000 
90 0.403785 0.085331 -0.910878 -0.770094 -0.560021 0.810364 -0.172338 -0.307101 0.723438 0.579703 0.375003 0.486533 -0.000000 0.000000 -0.000000 1.000000 
91 0.426374 0.050046 -0.903174 -0.718684 -0.360494 0.925159 -0.118919 -0.216541 0.829625 0.376302 0.412506 0.547913 -0.000000 0.000000 -0.000000 1.000000 
92 0.428774 0.030654 -0.902904 -0.699341 -0.175439 0.983234 -0.049931 -0.133675 0.886229 0.179826 0.426963 0.555084 -0.000000 0.000000 -0.000000 1.000000 
93 0.417668 0.071588 -0.905788 -0.695907 -0.096910 0.994727 0.033932 -0.047688 0.903433 0.073622 0.422402 0.567735 -0.000000 -0.000000 -0.000000 1.000000 
