0 1.000000 -0.000148 0.000436 -0.000143 0.000148 1.000000 0.000313 -0.000216 -0.000436 -0.000313 1.000000 0.000223 0.000000 -0.000000 -0.000000 1.000000 
1 0.977489 0.008640 -0.210808 -0.057197 -0.010534 0.999914 -0.007865 -0.001843 0.210722 0.009909 0.977496 -0.000873 -0.000000 0.000000 -0.000000 1.000000 
2 0.913167 0.014788 -0.407317 -0.111296 -0.022737 0.999634 -0.014681 -0.000525 0.406951 0.022668 0.913169 -0.012974 -0.000000 0.000000 -0.000000 1.000000 
3 0.789968 0.018207 -0.612878 -0.170286 -0.037454 0.999125 -0.018596 -0.001252 0.612004 0.037645 0.789959 -0.041593 -0.000000 0.000000 -0.000000 1.000000 
4 0.903220 0.013906 -0.428954 -0.115406 -0.023495 0.999579 -0.017066 0.000805 0.428536 0.025493 0.903166 -0.014876 -0.000000 0.000000 -0.000000 1.000000 
5 0.981694 0.006200 -0.190365 -0.049870 -0.007995 0.999931 -0.008666 0.000043 0.190298 0.010029 0.981675 0.000537 -0.000000 0.000000 -0.000000 1.000000 
6 0.997660 -0.004640 0.068208 0.018728 0.004425 0.999985 0.003302 0.001456 -0.068222 -0.002992 0.997666 -0.001837 0.000000 -0.000000 -0.000000 1.000000 
7 0.961305 -0.014181 0.275121 0.071572 0.010794 0.999846 0.013821 0.006056 -0.275274 -0.010317 0.961311 -0.014082 0.000000 -0.000000 -0.000000 1.000000 
8 0.998711 -0.003552 0.050643 0.012498 0.003394 0.999989 0.003202 0.001978 -0.050654 -0.003026 0.998712 -0.001052 0.000000 -0.000000 -0.000000 1.000000 
9 0.999186 0.001756 -0.040316 -0.010563 0.006118 0.980914 0.194343 0.002801 0.039888 -0.194432 0.980105 0.000831 -0.000000 -0.000000 -0.000000 1.000000 
10 0.998337 0.003952 -0.057514 -0.014741 0.018517 0.922797 0.384841 0.007833 0.054594 -0.385266 0.921189 0.001944 -0.000000 -0.000000 -0.000000 1.000000 
11 0.996963 0.005390 -0.077692 -0.017096 0.040403 0.817056 0.575141 0.013085 0.066579 -0.576533 0.814357 0.001134 -0.000000 -0.000000 -0.000000 1.000000 
12 0.993741 0.007508 -0.111456 -0.023103 0.077451 0.672689 0.735861 0.015831 0.080500 -0.739887 0.667897 -0.000658 -0.000000 -0.000000 -0.000000 1.000000 
13 0.987754 0.008631 -0.155785 -0.034303 0.129305 0.513472 0.848308 0.008524 0.087312 -0.858063 0.506068 0.007970 -0.000000 -0.000000 -0.000000 1.000000 
14 0.982974 0.011294 -0.183404 -0.037560 0.123523 0.698323 0.705046 0.013852 0.136038 -0.715696 0.685037 -0.001592 -0.000000 -0.000000 -0.000000 1.000000 
15 0.983140 0.011511 -0.182495 -0.034317 0.091283 0.833868 0.544366 0.015375 0.158442 -0.551846 0.818758 -0.002770 -0.000000 -0.000000 -0.000000 1.000000 
16 0.984733 0.011542 -0.173691 -0.033349 0.047006 0.943101 0.329173 0.000649 0.167607 -0.332312 0.928159 -0.001377 -0.000000 -0.000000 -0.000000 1.000000 
17 0.985505 0.012203 -0.169211 -0.029314 0.009353 0.991985 0.126022 -0.001382 0.169392 -0.125778 0.977491 -0.004365 -0.000000 -0.000000 -0.000000 1.000000 
18 0.999608 -0.025046 0.012587 -0.700717 0.025114 0.999671 -0.005318 -0.033887 -0.012449 0.005633 0.999907 -0.040282 -0.000000 -0.000000 -0.000000 1.000000 
19 0.968674 -0.038786 0.245290 -0.756004 0.038791 0.999236 0.004813 -0.048706 -0.245289 0.004854 0.969438 0.125948 -0.000000 -0.000000 -0.000000 1.000000 
20 0.897851 -0.047892 0.437690 -0.719000 0.045524 0.998837 0.015910 -0.054086 -0.437942 0.005641 0.898986 0.281402 -0.000000 -0.000000 -0.000000 1.000000 
21 0.786362 -0.057585 0.615077 -0.699845 0.047795 0.998333 0.032361 -0.059273 -0.615915 0.003951 0.787803 0.448738 -0.000000 -0.000000 -0.000000 1.000000 
22 0.618241 -0.063988 0.783380 -0.533762 0.045700 0.997921 0.045447 -0.057148 -0.784660 0.007704 0.619879 0.610178 -0.000000 -0.000000 -0.000000 1.000000 
23 0.422399 -0.069597 0.903734 -0.313893 0.040905 0.997496 0.057700 -0.047671 -0.905487 0.012596 0.424188 0.714498 -0.000000 -0.000000 -0.000000 1.000000 
24 0.215984 -0.076830 0.973369 -0.087826 0.032820 0.996907 0.071406 -0.042878 -0.975846 0.016524 0.217837 0.753675 -0.000000 -0.000000 -0.000000 1.000000 
25 -0.040750 -0.081421 0.995846 0.054181 0.018902 0.996433 0.082243 -0.035869 -0.998991 0.022175 -0.039066 0.741313 -0.000000 -0.000000 -0.000000 1.000000 
26 -0.273586 -0.082962 0.958263 0.283166 0.009103 0.996005 0.088830 -0.021486 -0.961805 0.033025 -0.271738 0.703016 -0.000000 -0.000000 -0.000000 1.000000 
27 -0.463274 -0.083232 0.882298 0.474201 -0.000733 0.995616 0.093538 -0.007381 -0.886216 0.042687 -0.461304 0.631185 -0.000000 -0.000000 0.000000 1.000000 
28 -0.634418 -0.081554 0.768676 0.650242 -0.013423 0.995431 0.094534 0.004535 -0.772874 0.049656 -0.632614 0.512630 -0.000000 -0.000000 0.000000 1.000000 
29 -0.778868 -0.077574 0.622372 0.797851 -0.025342 0.995403 0.092357 0.016020 -0.626676 0.056161 -0.777253 0.361638 -0.000000 -0.000000 0.000000 1.000000 
30 -0.892767 -0.072903 0.444582 0.912485 -0.037456 0.995415 0.088014 0.027776 -0.448960 0.061922 -0.891403 0.179491 -0.000000 -0.000000 0.000000 1.000000 
31 -0.973563 -0.064924 0.219000 0.983838 -0.048403 0.995620 0.079985 0.039178 -0.223234 0.067269 -0.972440 -0.040976 -0.000000 -0.000000 0.000000 1.000000 
32 -0.980169 -0.067973 0.186143 0.992340 -0.093407 0.986910 -0.131463 0.038842 -0.174770 -0.146244 -0.973688 -0.081536 0.000000 0.000000 -0.000000 1.000000 
33 -0.980378 -0.067206 0.185318 0.990227 -0.132526 0.920645 -0.367218 0.025618 -0.145932 -0.384572 -0.911487 -0.086247 0.000000 0.000000 -0.000000 1.000000 
34 -0.980483 -0.068173 0.184407 0.985583 -0.165316 0.793559 -0.585604 0.009918 -0.106415 -0.604661 -0.789342 -0.084419 0.000000 0.000000 -0.000000 1.000000 
35 -0.977174 -0.067886 0.201304 0.983450 -0.196599 0.648035 -0.735797 0.011494 -0.080501 -0.758579 -0.646590 -0.074179 0.000000 0.000000 -0.000000 1.000000 
36 -0.973435 -0.060359 0.220869 0.982980 -0.222309 0.480082 -0.848586 0.016313 -0.054816 -0.875144 -0.480748 -0.056822 0.000000 0.000000 -0.000000 1.000000 
37 -0.973023 -0.067334 0.220663 0.979091 -0.211205 0.644855 -0.734542 0.026746 -0.092836 -0.761332 -0.641681 -0.059343 0.000000 0.000000 -0.000000 1.000000 
38 -0.972455 -0.066775 0.223323 0.976953 -0.187740 0.792230 -0.580623 0.034391 -0.138152 -0.606557 -0.782944 -0.050336 0.000000 0.000000 -0.000000 1.000000 
39 -0.971352 -0.066154 0.228255 0.984794 -0.154812 0.904861 -0.396557 0.046087 -0.180305 -0.420534 -0.889180 -0.048615 0.000000 0.000000 -0.000000 1.000000 
40 -0.971950 -0.065732 0.225815 0.979816 -0.112292 0.973340 -0.199996 0.041246 -0.206648 -0.219745 -0.953419 -0.038379 0.000000 0.000000 -0.000000 1.000000 
41 -0.971668 -0.065821 0.227003 0.985244 -0.056035 0.997211 0.049298 0.037832 -0.229615 0.035180 -0.972645 -0.035320 -0.000000 -0.000000 0.000000 1.000000 
42 -0.901476 -0.072206 0.426765 0.911591 -0.039595 0.995610 0.084814 0.029486 -0.431016 0.059559 -0.900376 0.167109 -0.000000 -0.000000 0.000000 1.000000 
43 -0.773721 -0.081094 0.628315 0.791966 -0.028883 0.995257 0.092887 0.017765 -0.632868 0.053720 -0.772393 0.366550 -0.000000 -0.000000 0.000000 1.000000 
44 -0.628164 -0.085245 0.773397 0.644710 -0.016183 0.995196 0.096549 0.006509 -0.777913 0.048132 -0.626526 0.516173 -0.000000 -0.000000 0.000000 1.000000 
45 -0.457958 -0.087528 0.884654 0.469324 -0.002649 0.995270 0.097102 -0.005540 -0.888970 0.042125 -0.456024 0.631043 -0.000000 -0.000000 0.000000 1.000000 
46 -0.419525 -0.091091 0.903161 0.440220 -0.223886 0.974598 -0.005700 0.173795 -0.879701 -0.204597 -0.429262 0.624995 0.000000 0.000000 -0.000000 1.000000 
47 -0.411762 -0.093065 0.906526 0.423208 -0.426441 0.898810 -0.101424 0.330353 -0.805357 -0.428343 -0.409783 0.575234 0.000000 0.000000 -0.000000 1.000000 
48 -0.410539 -0.091672 0.907223 0.426331 -0.599388 0.776909 -0.192731 0.454809 -0.687162 -0.622902 -0.373899 0.485661 0.000000 0.000000 -0.000000 1.000000 
49 -0.415538 -0.091356 0.904976 0.418159 -0.419959 0.901816 -0.101794 0.323797 -0.806823 -0.422352 -0.413105 0.579406 0.000000 0.000000 -0.000000 1.000000 
50 -0.414616 -0.091988 0.905334 0.413326 -0.236371 0.971615 -0.009527 0.187399 -0.878762 -0.217945 -0.424591 0.642078 0.000000 0.000000 -0.000000 1.000000 
51 -0.414031 -0.087676 0.906030 0.426261 -0.028118 0.996107 0.083545 0.012398 -0.909828 0.009114 -0.414884 0.652917 -0.000000 -0.000000 0.000000 1.000000 
52 -0.589454 -0.080057 0.803824 0.606412 -0.009053 0.995668 0.092526 0.003479 -0.807751 0.047262 -0.587625 0.547525 -0.000000 -0.000000 0.000000 1.000000 
53 -0.742064 -0.075115 0.666106 0.751046 -0.019770 0.995721 0.090262 0.013938 -0.670037 0.053810 -0.740374 0.389156 -0.000000 -0.000000 0.000000 1.000000 
54 -0.869825 -0.081231 0.486627 0.704142 -0.044949 0.995298 0.085798 0.026633 -0.491309 0.052755 -0.869386 0.138145 -0.000000 -0.000000 0.000000 1.000000 
55 -0.950369 -0.079915 0.300687 0.522210 -0.058147 0.995043 0.080675 0.027557 -0.305644 0.059186 -0.950304 -0.057272 -0.000000 -0.000000 0.000000 1.000000 
56 -0.992706 -0.072452 0.096362 0.092306 -0.065125 0.994892 0.077126 0.010000 -0.101458 0.070287 -0.992353 -0.229191 -0.000000 -0.000000 0.000000 1.000000 
57 -0.990489 -0.076790 -0.114169 -0.223693 -0.084149 0.994578 0.061096 -0.009234 0.108859 0.070121 -0.991580 -0.250318 0.000000 -0.000000 0.000000 1.000000 
58 -0.935844 -0.067113 -0.345964 -0.570409 -0.087632 0.995180 0.043993 -0.034312 0.341345 0.071487 -0.937215 -0.120895 0.000000 -0.000000 0.000000 1.000000 
59 -0.848660 -0.052880 -0.526288 -0.760013 -0.083104 0.995962 0.033938 -0.045544 0.522369 0.072538 -0.849628 -0.032476 0.000000 -0.000000 0.000000 1.000000 
60 -0.732967 -0.047926 -0.678572 -0.695686 -0.049184 0.998637 -0.017404 -0.036215 0.678482 0.020618 -0.734327 0.110400 -0.000000 0.000000 0.000000 1.000000 
61 -0.734753 -0.048781 -0.676577 -0.687725 0.102735 0.977901 -0.182074 -0.002945 0.670509 -0.203288 -0.713505 0.109958 0.000000 0.000000 0.000000 1.000000 
62 -0.732492 -0.049876 -0.678944 -0.687553 0.257684 0.902792 -0.344328 0.022137 0.630121 -0.427172 -0.648437 0.114915 0.000000 0.000000 0.000000 1.000000 
63 -0.727781 -0.051815 -0.683847 -0.689206 0.387680 0.791450 -0.472554 0.053026 0.565718 -0.609031 -0.555917 0.115938 0.000000 0.000000 0.000000 1.000000 
64 -0.674601 -0.049043 -0.736549 -0.655854 0.264355 0.915562 -0.303083 0.030467 0.689222 -0.399172 -0.604676 0.169315 0.000000 0.000000 0.000000 1.000000 
65 -0.673481 -0.048162 -0.737632 -0.661900 0.088332 0.985480 -0.144995 -0.024061 0.733906 -0.162808 -0.659449 0.174098 0.000000 0.000000 0.000000 1.000000 
66 -0.677266 -0.043198 -0.734466 -0.658031 -0.069889 0.997536 0.005777 -0.049413 0.732410 0.055243 -0.678618 0.153820 0.000000 -0.000000 0.000000 1.000000 
67 -0.471053 -0.035142 -0.881403 -0.525760 -0.071010 0.997472 -0.001819 -0.048809 0.879241 0.061731 -0.472359 0.305555 -0.000000 0.000000 0.000000 1.000000 
68 -0.284024 -0.032745 -0.958256 -0.390798 -0.067325 0.997630 -0.014135 -0.048053 0.956449 0.060500 -0.285556 0.398455 -0.000000 0.000000 0.000000 1.000000 
69 -0.082809 -0.030107 -0.996109 -0.239353 -0.058311 0.997976 -0.025316 -0.044706 0.994857 0.055988 -0.084397 0.462726 -0.000000 0.000000 0.000000 1.000000 
70 0.119421 -0.024902 -0.992529 -0.098737 -0.047092 0.998417 -0.030715 -0.038922 0.991725 0.050408 0.118058 0.498718 -0.000000 0.000000 -0.000000 1.000000 
71 0.082403 -0.021406 -0.996367 -0.098766 0.163448 0.986521 -0.007676 0.062696 0.983103 -0.162222 0.084791 0.489589 -0.000000 0.000000 -0.000000 1.000000 
72 0.085177 -0.018752 -0.996187 -0.091768 0.368810 0.929397 0.014040 0.184882 0.925592 -0.368600 0.086079 0.464457 -0.000000 -0.000000 -0.000000 1.000000 
73 0.090591 -0.021029 -0.995664 -0.110386 0.552413 0.832928 0.032670 0.270588 0.828632 -0.552978 0.087072 0.395721 -0.000000 -0.000000 -0.000000 1.000000 
74 5.151391 0.249780 -12.059840 0.435254 9.011228 0.875137 3.497100 -1.223356 8.026810 -0.567863 3.820717 -1.085101 -0.000000 -0.000000 -0.000000 1.000000 
75 22.366690 0.795608 4.978678 -4.405754 -3.458276 0.706026 16.965164 -0.526891 -3.431914 -0.729991 14.434508 -0.186851 0.000000 0.000000 -0.000000 1.000000 
76 0.244233 -0.004359 -2.091293 -0.015256 1.559691 0.699973 0.140416 0.212046 1.393971 -0.716263 0.210127 0.220740 -0.000000 -0.000000 -0.000000 1.000000 
77 0.245872 -0.006006 -2.060479 -0.040435 1.096712 0.870252 0.076703 0.113806 1.745080 -0.495471 0.242733 0.251934 -0.000000 -0.000000 -0.000000 1.000000 
78 -0.492616 -0.085338 -0.866049 -0.500368 -0.459800 0.870450 0.175768 -0.225312 0.738856 0.484796 -0.468038 0.180106 0.000000 -0.000000 0.000000 1.000000 
79 -0.589543 -0.114335 -0.799600 -0.575291 -0.426553 0.884706 0.187993 -0.204118 0.685920 0.451903 -0.570344 0.116757 0.000000 -0.000000 0.000000 1.000000 
