0 1.000000 0.000046 0.000238 -0.000340 -0.000046 1.000000 0.000191 -0.000288 -0.000238 -0.000191 1.000000 0.000651 0.000000 -0.000000 -0.000000 1.000000 
1 0.999793 -0.006509 0.019301 0.006751 0.001872 0.972914 0.231160 0.007860 -0.020282 -0.231076 0.972724 0.003203 0.000000 -0.000000 -0.000000 1.000000 
2 0.999907 -0.004515 0.012868 0.009849 -0.002265 0.875516 0.483183 0.024130 -0.013448 -0.483167 0.875425 0.000897 0.000000 -0.000000 -0.000000 1.000000 
3 0.999682 -0.006567 -0.024365 -0.003584 0.012570 0.966808 0.255196 -0.008518 0.021881 -0.255421 0.966583 0.003776 -0.000000 -0.000000 -0.000000 1.000000 
4 0.999827 -0.002353 -0.018479 -0.003191 0.002652 0.999865 0.016217 -0.000526 0.018438 -0.016263 0.999698 0.001983 -0.000000 -0.000000 -0.000000 1.000000 
5 0.979408 -0.007549 0.201752 0.053774 0.004314 0.999855 0.016472 0.002544 -0.201847 -0.015263 0.979299 -0.008509 0.000000 -0.000000 -0.000000 1.000000 
6 0.917930 -0.013830 0.396502 0.106258 0.006444 0.999780 0.019956 0.004953 -0.396691 -0.015763 0.917818 -0.030123 0.000000 -0.000000 -0.000000 1.000000 
7 0.796879 -0.024975 0.603623 0.163111 0.007437 0.999475 0.031535 0.009946 -0.604093 -0.020640 0.796647 -0.066399 0.000000 -0.000000 -0.000000 1.000000 
8 0.646760 -0.037238 0.761785 0.203422 0.004774 0.998985 0.044780 0.013137 -0.762679 -0.025325 0.646282 -0.108630 0.000000 -0.000000 -0.000000 1.000000 
9 0.479879 -0.046804 0.876086 0.226988 0.001689 0.998623 0.052426 0.016145 -0.877334 -0.023678 0.479297 -0.154584 0.000000 -0.000000 -0.000000 1.000000 
10 0.271321 -0.056813 0.960811 0.245271 -0.004855 0.998163 0.060393 0.017510 -0.962477 -0.021051 0.270547 -0.212758 0.000000 -0.000000 -0.000000 1.000000 
11 0.066965 -0.066794 0.995517 0.252179 -0.012574 0.997621 0.067781 0.019240 -0.997677 -0.017056 0.065966 -0.268893 0.000000 -0.000000 -0.000000 1.000000 
12 0.065627 -0.076006 0.994946 0.254453 -0.225549 0.970159 0.088990 -0.030313 -0.972020 -0.230249 0.046526 -0.265024 0.000000 -0.000000 -0.000000 1.000000 
13 0.062831 -0.074392 0.995249 0.251669 -0.432724 0.896577 0.094335 -0.083922 -0.899335 -0.436595 0.024142 -0.247637 0.000000 -0.000000 -0.000000 1.000000 
14 0.101989 -0.071798 0.992192 0.250511 -0.599331 0.791623 0.118891 -0.121206 -0.793979 -0.606776 0.037706 -0.216034 0.000000 -0.000000 -0.000000 1.000000 
15 0.135305 -0.071345 0.988233 0.247731 -0.743496 0.651961 0.148865 -0.150877 -0.654910 -0.754888 0.035169 -0.177482 0.000000 -0.000000 -0.000000 1.000000 
16 0.284516 -0.061702 0.956692 0.265536 -0.797504 0.538568 0.271909 -0.144411 -0.532024 -0.840322 0.104025 -0.143995 0.000000 -0.000000 -0.000000 1.000000 
17 0.376576 -0.068554 0.923854 0.255537 -0.848343 0.375124 0.373633 -0.138990 -0.372178 -0.924439 0.083108 -0.084303 0.000000 -0.000000 -0.000000 1.000000 
18 0.394984 -0.041449 0.917761 0.291323 -0.900098 0.182519 0.395625 -0.201703 -0.183913 -0.982330 0.034787 -0.060809 0.000000 -0.000000 -0.000000 1.000000 
19 0.382980 -0.062139 0.921673 0.267697 -0.825229 0.425361 0.371581 -0.148060 -0.415137 -0.902892 0.111626 -0.100431 0.000000 -0.000000 -0.000000 1.000000 
20 0.371425 -0.040072 0.927606 0.309499 -0.712368 0.628451 0.312388 -0.149221 -0.595476 -0.776821 0.204876 -0.169456 0.000000 -0.000000 -0.000000 1.000000 
21 0.349103 -0.042165 0.936143 0.305991 -0.566261 0.786476 0.246591 -0.115236 -0.746652 -0.616186 0.250683 -0.208439 0.000000 -0.000000 -0.000000 1.000000 
22 0.333171 -0.044949 0.941802 0.305208 -0.390452 0.902615 0.181205 -0.071520 -0.858230 -0.428102 0.283172 -0.238025 0.000000 -0.000000 -0.000000 1.000000 
23 0.319708 -0.046478 0.946383 0.302079 -0.152273 0.983296 0.099733 -0.012426 -0.935208 -0.175998 0.307288 -0.254596 0.000000 -0.000000 -0.000000 1.000000 
24 0.460786 -0.033377 0.886891 0.296483 -0.024972 0.998412 0.050550 0.018780 -0.887167 -0.045446 0.459218 -0.207079 0.000000 -0.000000 -0.000000 1.000000 
25 0.653998 -0.015807 0.756340 0.280721 -0.018482 0.999152 0.036867 0.017911 -0.756279 -0.038095 0.653148 -0.138618 0.000000 -0.000000 -0.000000 1.000000 
26 0.819395 -0.020419 0.572867 0.153393 0.004681 0.999570 0.028933 0.008349 -0.573211 -0.021026 0.819139 -0.060994 0.000000 -0.000000 -0.000000 1.000000 
27 0.918479 -0.011487 0.395305 0.105926 0.003589 0.999779 0.020714 0.004031 -0.395455 -0.017606 0.918317 -0.031537 0.000000 -0.000000 -0.000000 1.000000 
28 0.979648 -0.002319 0.200712 0.052865 0.000076 0.999937 0.011183 -0.000132 -0.200725 -0.010940 0.979587 -0.011581 0.000000 -0.000000 -0.000000 1.000000 
29 0.999935 0.006534 -0.009397 -0.007792 -0.006524 0.999978 0.001053 -0.002267 0.009404 -0.000991 0.999956 -0.002472 -0.000000 -0.000000 -0.000000 1.000000 
30 0.977115 0.013144 -0.212307 -0.070279 -0.014472 0.999884 -0.004704 -0.005230 0.212221 0.007669 0.977192 -0.008238 -0.000000 0.000000 -0.000000 1.000000 
31 0.894999 0.016640 -0.445759 -0.140476 -0.023223 0.999687 -0.009309 -0.008666 0.445465 0.018684 0.895105 -0.031005 -0.000000 0.000000 -0.000000 1.000000 
32 0.780941 0.015655 -0.624410 -0.189879 -0.032705 0.999339 -0.015849 -0.011225 0.623749 0.032799 0.780937 -0.064476 -0.000000 0.000000 -0.000000 1.000000 
33 0.605767 0.011101 -0.795565 -0.237976 -0.041852 0.998962 -0.017928 -0.011054 0.794541 0.044157 0.605603 -0.114392 -0.000000 0.000000 -0.000000 1.000000 
34 0.359112 -0.000307 -0.933295 -0.269531 -0.050422 0.998532 -0.019730 -0.015340 0.931932 0.054144 0.358569 -0.186236 -0.000000 0.000000 -0.000000 1.000000 
35 0.156298 -0.008109 -0.987677 -0.280654 -0.060738 0.997994 -0.017805 -0.014748 0.985841 0.062773 0.155492 -0.239704 -0.000000 0.000000 -0.000000 1.000000 
36 -0.057469 -0.017370 -0.998196 -0.282696 -0.070776 0.997403 -0.013281 -0.011928 0.995836 0.069885 -0.058550 -0.296567 -0.000000 0.000000 0.000000 1.000000 
37 0.099234 -0.013304 -0.994976 -0.282008 0.095541 0.995418 -0.003781 -0.043287 0.990467 -0.094686 0.100050 -0.247013 -0.000000 0.000000 -0.000000 1.000000 
38 0.095604 -0.014561 -0.995313 -0.282870 0.315590 0.948753 0.016435 -0.086889 0.944068 -0.315681 0.095299 -0.231912 -0.000000 -0.000000 -0.000000 1.000000 
39 0.090260 -0.017192 -0.995770 -0.277735 0.529426 0.847700 0.033353 -0.136619 0.843542 -0.530196 0.085615 -0.200571 -0.000000 -0.000000 -0.000000 1.000000 
40 0.086937 -0.015057 -0.996100 -0.276467 0.686944 0.725057 0.048995 -0.171940 0.721492 -0.688524 0.073377 -0.165689 -0.000000 -0.000000 -0.000000 1.000000 
41 0.079628 -0.018217 -0.996658 -0.280141 0.826461 0.560224 0.055790 -0.199020 0.557336 -0.828140 0.059665 -0.123734 -0.000000 -0.000000 -0.000000 1.000000 
42 0.078156 0.012976 -0.996857 -0.247065 0.922948 0.377092 0.077270 -0.190389 0.376909 -0.926085 0.017495 -0.090931 -0.000000 -0.000000 -0.000000 1.000000 
43 0.072418 -0.010454 -0.997320 -0.253476 0.827424 0.558956 0.054222 -0.161611 0.556891 -0.829131 0.049128 -0.126223 -0.000000 -0.000000 -0.000000 1.000000 
44 0.072611 -0.007525 -0.997332 -0.247273 0.688354 0.724000 0.044653 -0.127361 0.721733 -0.689758 0.057750 -0.158823 -0.000000 -0.000000 -0.000000 1.000000 
45 0.078761 -0.014387 -0.996790 -0.276788 0.518399 0.854660 0.028625 -0.135741 0.851505 -0.518989 0.074772 -0.203256 -0.000000 -0.000000 -0.000000 1.000000 
46 0.080104 -0.014490 -0.996682 -0.277961 0.314516 0.949183 0.011477 -0.090339 0.945868 -0.314391 0.080590 -0.230152 -0.000000 -0.000000 -0.000000 1.000000 
47 0.077300 -0.016056 -0.996879 -0.277779 0.082365 0.996555 -0.009664 -0.042439 0.993601 -0.081360 0.078355 -0.251205 -0.000000 0.000000 -0.000000 1.000000 
48 0.249713 -0.009939 -0.968270 -0.131689 -0.048068 0.998587 -0.022646 -0.001586 0.967127 0.052197 0.248882 -0.340146 -0.000000 0.000000 -0.000000 1.000000 
49 0.021040 0.006488 -0.999758 0.907109 -0.073323 0.997295 0.004930 0.096030 0.997087 0.073201 0.021458 -0.933000 -0.000000 -0.000000 -0.000000 1.000000 
50 -0.181838 -0.018462 -0.983155 1.706384 -0.076734 0.997040 -0.004530 0.164909 0.980330 0.074618 -0.182717 -1.026904 -0.000000 0.000000 0.000000 1.000000 
51 -0.379390 -0.025558 -0.924883 1.823776 -0.087266 0.996150 0.008270 0.158040 0.921112 0.083848 -0.380160 -0.660067 0.000000 -0.000000 0.000000 1.000000 
52 -0.612211 -0.036387 -0.789856 1.852921 -0.099518 0.994542 0.031319 0.134657 0.784406 0.097779 -0.612492 -0.159531 0.000000 -0.000000 0.000000 1.000000 
53 -0.758840 -0.051436 -0.649241 1.779734 -0.106205 0.993304 0.045440 0.117324 0.642558 0.103434 -0.759223 0.207090 0.000000 -0.000000 0.000000 1.000000 
54 -0.875101 -0.065569 -0.479476 1.638500 -0.106368 0.992609 0.058395 0.098463 0.472105 0.102102 -0.875609 0.563766 0.000000 -0.000000 0.000000 1.000000 
55 -0.964246 -0.079324 -0.252855 1.378929 -0.098315 0.993135 0.063359 0.081581 0.246094 0.085952 -0.965426 0.942104 0.000000 -0.000000 0.000000 1.000000 
56 -0.994946 -0.085787 -0.052174 1.102395 -0.089513 0.993242 0.073858 0.057188 0.045485 0.078154 -0.995902 1.201506 0.000000 -0.000000 0.000000 1.000000 
57 -0.981636 -0.095109 0.165358 0.754237 -0.082486 0.993243 0.081612 0.031261 -0.172003 0.066473 -0.982850 1.403596 -0.000000 -0.000000 0.000000 1.000000 
58 -0.975217 -0.107770 0.193224 0.710924 -0.140281 0.976543 -0.163345 0.391428 -0.171088 -0.186403 -0.967461 1.359595 0.000000 0.000000 -0.000000 1.000000 
59 -0.976212 -0.106322 0.188953 0.703366 -0.170297 0.915403 -0.364736 0.671563 -0.134189 -0.388238 -0.911736 1.247970 0.000000 0.000000 -0.000000 1.000000 
60 -0.975512 -0.107936 0.191630 0.711202 -0.199035 0.803967 -0.560372 0.959921 -0.093580 -0.584792 -0.805766 1.061641 0.000000 0.000000 -0.000000 1.000000 
61 -0.976829 -0.110117 0.183575 0.693928 -0.171510 0.915776 -0.363241 0.681242 -0.128117 -0.386317 -0.913438 1.238288 0.000000 0.000000 -0.000000 1.000000 
62 -0.976093 -0.107221 0.189117 0.710306 -0.138064 0.977708 -0.158227 0.395163 -0.167940 -0.180565 -0.969129 1.355093 0.000000 0.000000 -0.000000 1.000000 
63 -0.975889 -0.106737 0.190438 0.712007 -0.097027 0.993499 0.059671 0.086315 -0.195575 0.039742 -0.979890 1.403870 -0.000000 -0.000000 0.000000 1.000000 
64 -0.952934 -0.111049 0.282139 0.552930 -0.040631 0.968897 0.244146 -0.211707 -0.300482 0.221177 -0.927794 1.438714 -0.000000 -0.000000 0.000000 1.000000 
65 -0.871113 -0.099987 0.480810 0.171973 0.086930 0.932204 0.351369 -0.475362 -0.483352 0.347866 -0.803351 1.447008 -0.000000 -0.000000 -0.000000 1.000000 
66 -0.766842 -0.099534 0.634078 -0.159386 0.059990 0.972468 0.225220 -0.290871 -0.639044 0.210737 -0.739751 1.493126 -0.000000 -0.000000 -0.000000 1.000000 
67 -0.676717 -0.090585 0.730655 -0.397896 -0.034513 0.995220 0.091438 -0.029846 -0.735449 0.036654 -0.676605 1.494713 -0.000000 -0.000000 0.000000 1.000000 
68 -0.511075 -0.115345 0.851765 -0.456014 -0.038556 0.993039 0.111359 -0.015212 -0.858684 0.024069 -0.511964 0.961650 -0.000000 -0.000000 0.000000 1.000000 
69 -0.333920 -0.099353 0.937353 -0.635205 -0.083547 0.993641 0.075572 0.045208 -0.938903 -0.053077 -0.340100 0.718446 0.000000 0.000000 -0.000000 1.000000 
70 -0.322854 -0.100329 0.941119 -0.645986 -0.273185 0.961928 0.008846 0.193291 -0.906178 -0.254241 -0.337976 0.689218 0.000000 0.000000 -0.000000 1.000000 
71 -0.322216 -0.097696 0.941614 -0.648644 -0.466860 0.881701 -0.068264 0.348856 -0.823554 -0.461593 -0.329717 0.630056 0.000000 0.000000 -0.000000 1.000000 
72 -0.326882 -0.096446 0.940133 -0.645742 -0.633891 0.760212 -0.142403 0.479623 -0.700965 -0.642484 -0.309646 0.545881 0.000000 0.000000 -0.000000 1.000000 
73 -0.317641 -0.096508 0.943289 -0.655128 -0.767498 0.610374 -0.195989 0.575038 -0.556842 -0.786219 -0.267960 0.436367 0.000000 0.000000 -0.000000 1.000000 
74 -0.313661 -0.096106 0.944661 -0.657690 -0.629029 0.766295 -0.130890 0.469353 -0.711309 -0.635268 -0.300820 0.543887 0.000000 0.000000 -0.000000 1.000000 
75 -0.315634 -0.095296 0.944085 -0.652222 -0.440891 0.895759 -0.056971 0.325546 -0.840245 -0.434216 -0.324755 0.636975 0.000000 0.000000 -0.000000 1.000000 
76 -0.318136 -0.095644 0.943210 -0.648813 -0.241367 0.970291 0.016994 0.171235 -0.916816 -0.222251 -0.331775 0.692125 0.000000 0.000000 -0.000000 1.000000 
77 -0.318476 -0.091708 0.943487 -0.653118 -0.030190 0.995791 0.086616 0.000681 -0.947462 -0.000898 -0.319906 0.708765 0.000000 0.000000 -0.000000 1.000000 
78 -0.105197 -0.085734 0.990752 -0.853428 -0.015161 0.996305 0.084619 -0.006451 -0.994347 -0.006116 -0.106113 0.541781 0.000000 0.000000 -0.000000 1.000000 
79 0.114598 -0.075880 0.990515 -1.011432 -0.008262 0.996977 0.077345 -0.005514 -0.993389 -0.017040 0.113617 0.335197 0.000000 -0.000000 -0.000000 1.000000 
80 -0.117158 -0.083075 0.989636 -0.839575 -0.012103 0.996546 0.082237 -0.005227 -0.993051 -0.002339 -0.117764 0.550466 0.000000 0.000000 -0.000000 1.000000 
81 -0.361905 -0.093056 0.927562 -0.604831 -0.023828 0.995609 0.090602 -0.003122 -0.931922 0.010687 -0.362535 0.738364 -0.000000 -0.000000 0.000000 1.000000 
82 -0.360697 -0.097855 0.927538 -0.606176 -0.029498 0.995186 0.093537 -0.001723 -0.932229 0.006377 -0.361849 0.739393 -0.000000 -0.000000 0.000000 1.000000 
