0 1.000000 0.000898 -0.000222 -0.000027 -0.000899 0.999999 -0.001345 0.000000 0.000221 0.001346 0.999999 -0.000502 -0.000000 0.000000 -0.000000 1.000000 
1 0.979172 0.008093 -0.202871 -0.061368 -0.010004 0.999914 -0.008396 -0.001653 0.202786 0.010251 0.979169 -0.004090 -0.000000 0.000000 -0.000000 1.000000 
2 0.911785 0.019001 -0.410228 -0.124690 -0.025024 0.999643 -0.009317 -0.001118 0.409905 0.018760 0.911935 -0.019225 -0.000000 0.000000 -0.000000 1.000000 
3 0.802339 0.026190 -0.596293 -0.185023 -0.036833 0.999305 -0.005670 0.001311 0.595730 0.026513 0.802746 -0.045008 -0.000000 0.000000 -0.000000 1.000000 
4 0.665917 0.028393 -0.745485 -0.235672 -0.045966 0.998938 -0.003014 0.004223 0.744608 0.036275 0.666515 -0.079699 -0.000000 0.000000 -0.000000 1.000000 
5 0.819736 0.029803 -0.571964 -0.176680 -0.040212 0.999175 -0.005568 0.005659 0.571327 0.027564 0.820259 -0.039208 -0.000000 0.000000 -0.000000 1.000000 
6 0.933055 0.023523 -0.358962 -0.107439 -0.028182 0.999572 -0.007751 0.002741 0.358626 0.017349 0.933320 -0.012313 -0.000000 0.000000 -0.000000 1.000000 
7 0.987051 0.019113 -0.159260 -0.048339 -0.020252 0.999779 -0.005529 0.002059 0.159120 0.008683 0.987221 -0.001085 -0.000000 0.000000 -0.000000 1.000000 
8 0.999008 0.010671 0.043228 0.010594 -0.010594 0.999942 -0.001993 -0.000376 -0.043247 0.001533 0.999063 -0.001414 -0.000000 -0.000000 -0.000000 1.000000 
9 0.964421 0.001958 0.264365 0.074332 -0.002534 0.999995 0.001839 0.001943 -0.264360 -0.002443 0.964421 -0.011137 0.000000 -0.000000 -0.000000 1.000000 
10 0.865407 -0.005012 0.501045 0.145015 0.002093 0.999977 0.006388 0.005143 -0.501066 -0.004480 0.865398 -0.037606 0.000000 -0.000000 -0.000000 1.000000 
11 0.952799 0.001555 0.303596 0.084885 -0.001954 0.999997 0.001012 0.004089 -0.303594 -0.001557 0.952800 -0.015951 0.000000 -0.000000 -0.000000 1.000000 
12 0.996733 0.010794 0.080037 0.019345 -0.010614 0.999940 -0.002677 0.000741 -0.080062 0.001819 0.996788 -0.002590 -0.000000 -0.000000 -0.000000 1.000000 
13 0.999318 0.004914 -0.036607 -0.012309 0.000993 0.987179 0.159616 0.007465 0.036922 -0.159544 0.986500 -0.000489 -0.000000 -0.000000 -0.000000 1.000000 
14 0.999002 0.008533 -0.043845 -0.005830 0.009401 0.919429 0.393143 0.009983 0.043667 -0.393163 0.918431 0.000915 -0.000000 -0.000000 -0.000000 1.000000 
15 0.998745 0.008220 -0.049393 -0.003431 0.022295 0.810244 0.585668 0.013158 0.044834 -0.586034 0.809044 -0.000260 -0.000000 -0.000000 -0.000000 1.000000 
16 0.998345 0.008094 -0.056929 -0.001447 0.037779 0.654050 0.755507 0.018828 0.043350 -0.756407 0.652662 -0.002090 -0.000000 -0.000000 -0.000000 1.000000 
17 0.997844 0.007837 -0.065155 -0.005360 0.053182 0.485110 0.872834 0.016611 0.038448 -0.874417 0.483648 0.000257 -0.000000 -0.000000 -0.000000 1.000000 
18 0.997054 0.033639 -0.069099 -0.009084 0.058645 0.247695 0.967079 -0.051588 0.049631 -0.968278 0.244981 -0.028371 -0.000000 -0.000000 -0.000000 1.000000 
19 0.997063 0.001035 -0.076568 -0.018090 0.067640 0.456834 0.886975 -0.012242 0.035897 -0.889550 0.455423 -0.005440 -0.000000 -0.000000 -0.000000 1.000000 
20 0.997102 0.000265 -0.076072 -0.014058 0.058481 0.636868 0.768751 -0.006314 0.048652 -0.770972 0.635007 -0.014829 -0.000000 -0.000000 -0.000000 1.000000 
21 0.997537 -0.000046 -0.070124 -0.015521 0.043498 0.784765 0.618263 -0.004218 0.055002 -0.619791 0.782835 -0.019169 -0.000000 -0.000000 -0.000000 1.000000 
22 0.998213 0.000580 -0.059738 -0.018006 0.025006 0.904083 0.426622 -0.008088 0.054256 -0.427353 0.902454 -0.020710 -0.000000 -0.000000 -0.000000 1.000000 
23 0.998537 0.000005 -0.054055 -0.017987 0.012275 0.973852 0.226847 -0.009475 0.052642 -0.227178 0.972428 -0.023877 -0.000000 -0.000000 -0.000000 1.000000 
24 0.998913 0.004652 -0.046403 -0.012098 -0.003782 0.999815 0.018836 -0.002975 0.046482 -0.018639 0.998746 -0.000496 -0.000000 -0.000000 -0.000000 1.000000 
25 0.985070 -0.011526 0.171769 -0.499188 0.009182 0.999854 0.014430 -0.025059 -0.171910 -0.012637 0.985032 0.066513 0.000000 -0.000000 -0.000000 1.000000 
26 0.921469 -0.022902 0.387778 -0.713986 0.014960 0.999612 0.023488 -0.045884 -0.388166 -0.015842 0.921454 0.275128 0.000000 -0.000000 -0.000000 1.000000 
27 0.811679 -0.038457 0.582836 -0.757968 0.026494 0.999227 0.029036 -0.065391 -0.583503 -0.008126 0.812070 0.536808 0.000000 -0.000000 -0.000000 1.000000 
28 0.664402 -0.049635 0.745725 -0.554907 0.030913 0.998763 0.038936 -0.065190 -0.746735 -0.002817 0.665115 0.678737 0.000000 -0.000000 -0.000000 1.000000 
29 0.496585 -0.050316 0.866528 -0.343787 0.026518 0.998732 0.042797 -0.054874 -0.867583 0.001726 0.497289 0.776663 -0.000000 -0.000000 -0.000000 1.000000 
30 0.295409 -0.056896 0.953675 -0.101014 0.024235 0.998350 0.052054 -0.046305 -0.955063 0.007735 0.296301 0.826863 -0.000000 -0.000000 -0.000000 1.000000 
31 0.061162 -0.059699 0.996341 0.162777 0.023116 0.998027 0.058381 -0.040952 -0.997861 0.019461 0.062421 0.816145 -0.000000 -0.000000 -0.000000 1.000000 
32 -0.158563 -0.062807 0.985349 0.401551 0.031817 0.997131 0.068678 -0.019321 -0.986836 0.042240 -0.156110 0.757299 -0.000000 -0.000000 -0.000000 1.000000 
33 -0.354987 -0.058164 0.933060 0.588701 0.021191 0.997306 0.070231 -0.031247 -0.934632 0.044704 -0.352797 0.625466 -0.000000 -0.000000 -0.000000 1.000000 
34 -0.561757 -0.052323 0.825646 0.759456 0.017939 0.996993 0.075387 -0.028117 -0.827108 0.057160 -0.559128 0.460951 -0.000000 -0.000000 -0.000000 1.000000 
35 -0.715842 -0.042374 0.696975 0.887144 0.014632 0.997027 0.075645 -0.028946 -0.698110 0.064348 -0.713093 0.288546 -0.000000 -0.000000 -0.000000 1.000000 
36 -0.864637 -0.039030 0.500879 0.998294 0.001399 0.996786 0.080089 -0.016865 -0.502396 0.069949 -0.861803 0.051475 -0.000000 -0.000000 -0.000000 1.000000 
37 -0.961276 -0.028976 0.274060 1.049177 -0.007325 0.996792 0.079694 -0.008859 -0.275491 0.074601 -0.958404 -0.203398 -0.000000 -0.000000 0.000000 1.000000 
38 -0.992176 -0.037472 0.119089 1.038290 -0.047755 0.995261 -0.084696 -0.038707 -0.115351 -0.089721 -0.989263 -0.373446 0.000000 0.000000 -0.000000 1.000000 
39 -0.990878 -0.037745 0.129369 1.041506 -0.075576 0.950449 -0.301553 -0.107800 -0.111576 -0.308579 -0.944631 -0.344907 0.000000 0.000000 -0.000000 1.000000 
40 -0.987238 -0.036554 0.155001 1.042965 -0.111663 0.852850 -0.510075 -0.169382 -0.113547 -0.520874 -0.846047 -0.281195 0.000000 0.000000 -0.000000 1.000000 
41 -0.985562 -0.039337 0.164684 1.045509 -0.143882 0.707294 -0.692121 -0.213122 -0.089254 -0.705823 -0.702741 -0.229504 0.000000 0.000000 -0.000000 1.000000 
42 -0.982099 -0.036113 0.184871 1.051111 -0.176819 0.515078 -0.838706 -0.238081 -0.064934 -0.856382 -0.512243 -0.157137 0.000000 0.000000 -0.000000 1.000000 
43 -0.980886 -0.013566 0.194109 1.052950 -0.188365 0.316368 -0.929747 -0.272507 -0.048797 -0.948539 -0.312875 -0.081135 0.000000 0.000000 -0.000000 1.000000 
44 -0.980200 -0.037112 0.194507 1.061809 -0.186724 0.500197 -0.845540 -0.261804 -0.065912 -0.865116 -0.497222 -0.169035 0.000000 0.000000 -0.000000 1.000000 
45 -0.980964 -0.039038 0.190231 1.059852 -0.167316 0.667149 -0.725892 -0.231212 -0.098574 -0.743900 -0.660980 -0.226699 0.000000 0.000000 -0.000000 1.000000 
46 -0.982800 -0.037615 0.180805 1.048225 -0.131774 0.828761 -0.543866 -0.161382 -0.129386 -0.558337 -0.819462 -0.256438 0.000000 0.000000 -0.000000 1.000000 
47 -0.984002 -0.037333 0.174202 1.047104 -0.099729 0.925670 -0.364951 -0.108866 -0.147628 -0.376485 -0.914584 -0.295308 0.000000 0.000000 -0.000000 1.000000 
48 -0.985762 -0.037348 0.163948 1.037994 -0.059657 0.989274 -0.133332 -0.053996 -0.157210 -0.141214 -0.977416 -0.321103 0.000000 0.000000 -0.000000 1.000000 
49 -0.986806 -0.038689 0.157214 1.031936 -0.028581 0.997406 0.066053 0.007748 -0.159362 0.060688 -0.985352 -0.336479 -0.000000 -0.000000 0.000000 1.000000 
50 -0.932511 -0.051819 0.357405 1.021180 -0.027088 0.996900 0.073861 0.009257 -0.360125 0.059195 -0.931023 -0.117504 -0.000000 -0.000000 0.000000 1.000000 
51 -0.838794 -0.057483 0.541405 0.959413 -0.019102 0.996905 0.076252 -0.001230 -0.544113 0.053618 -0.837296 0.087238 -0.000000 -0.000000 0.000000 1.000000 
52 -0.703753 -0.063467 0.707603 0.858324 -0.009146 0.996728 0.080302 -0.005281 -0.710386 0.050041 -0.702030 0.289198 -0.000000 -0.000000 0.000000 1.000000 
53 -0.541268 -0.068115 0.838085 0.716257 -0.000572 0.996742 0.080639 -0.012873 -0.840849 0.043168 -0.539543 0.460303 -0.000000 -0.000000 0.000000 1.000000 
54 -0.353357 -0.070747 0.932808 0.545238 0.006070 0.996941 0.077910 -0.026364 -0.935468 0.033192 -0.351847 0.591555 -0.000000 -0.000000 -0.000000 1.000000 
55 -0.151237 -0.069131 0.986075 0.348661 0.008796 0.997417 0.071275 -0.041861 -0.988458 0.019453 -0.150238 0.679753 -0.000000 -0.000000 -0.000000 1.000000 
56 -0.379996 -0.073432 0.922068 0.610207 0.011333 0.996399 0.084022 -0.017758 -0.924919 0.042378 -0.377795 0.585673 -0.000000 -0.000000 -0.000000 1.000000 
57 -0.413637 -0.078901 0.907016 0.652119 -0.245745 0.968936 -0.027782 0.173380 -0.876650 -0.234386 -0.420177 0.543497 0.000000 0.000000 -0.000000 1.000000 
58 -0.406878 -0.076404 0.910281 0.658143 -0.459198 0.878545 -0.131512 0.300209 -0.789676 -0.471508 -0.392545 0.487358 0.000000 0.000000 -0.000000 1.000000 
59 -0.397209 -0.071748 0.914919 0.666345 -0.625307 0.750863 -0.212592 0.389435 -0.671727 -0.656549 -0.343114 0.460444 0.000000 0.000000 -0.000000 1.000000 
60 -0.404755 -0.072233 0.911567 0.674722 -0.750878 0.595187 -0.286243 0.478266 -0.521877 -0.800334 -0.295143 0.368512 0.000000 0.000000 -0.000000 1.000000 
61 -0.203129 -0.068245 0.976770 0.507495 -0.795291 0.593426 -0.123926 0.577624 -0.571184 -0.801989 -0.174816 0.457842 0.000000 0.000000 -0.000000 1.000000 
62 0.050672 -0.065887 0.996539 0.289012 -0.820832 0.565660 0.079137 0.665490 -0.568917 -0.822001 -0.025419 0.514918 0.000000 0.000000 -0.000000 1.000000 
63 0.259759 -0.057965 0.963931 0.095047 -0.812538 0.526285 0.250609 0.715378 -0.521830 -0.848330 0.089608 0.517656 0.000000 -0.000000 -0.000000 1.000000 
64 0.020778 -0.067151 0.997526 0.321920 -0.801827 0.594855 0.056747 0.640543 -0.597195 -0.801022 -0.041483 0.528755 0.000000 0.000000 -0.000000 1.000000 
65 -0.248270 -0.071994 0.966011 0.537933 -0.766890 0.623857 -0.150600 0.527486 -0.591812 -0.778214 -0.210097 0.418572 0.000000 0.000000 -0.000000 1.000000 
66 -0.493791 -0.072189 0.866579 0.742669 -0.693045 0.634582 -0.342045 0.409610 -0.525223 -0.769477 -0.363381 0.332098 0.000000 0.000000 -0.000000 1.000000 
67 -0.664911 -0.076012 0.743044 0.841734 -0.602383 0.642754 -0.473288 0.289403 -0.441620 -0.762292 -0.473162 0.206524 0.000000 0.000000 -0.000000 1.000000 
68 -0.676814 -0.075451 0.732276 0.848255 -0.486803 0.792062 -0.368321 0.227594 -0.552219 -0.605760 -0.572808 0.252408 0.000000 0.000000 -0.000000 1.000000 
69 -0.686699 -0.075006 0.723061 0.855194 -0.340132 0.912220 -0.228398 0.155937 -0.642460 -0.402777 -0.651932 0.285302 0.000000 0.000000 -0.000000 1.000000 
70 -0.696070 -0.072535 0.714299 0.851151 -0.163850 0.984678 -0.059677 0.059874 -0.699028 -0.158577 -0.697290 0.303821 0.000000 0.000000 -0.000000 1.000000 
71 -0.680530 -0.078731 0.728477 0.840996 -0.022714 0.995999 0.086424 0.008996 -0.732368 0.042268 -0.679596 0.320560 -0.000000 -0.000000 0.000000 1.000000 
72 -0.820448 -0.056975 0.568899 0.937275 -0.013676 0.996704 0.080093 -0.002143 -0.571580 0.057942 -0.818502 0.107517 -0.000000 -0.000000 0.000000 1.000000 
73 -0.921082 -0.048087 0.386425 0.878001 -0.020621 0.996987 0.074913 0.002326 -0.388855 0.061043 -0.919277 -0.126701 -0.000000 -0.000000 0.000000 1.000000 
74 -0.986612 -0.039068 0.158340 0.653580 -0.028541 0.997261 0.068220 0.000260 -0.160571 0.062787 -0.985024 -0.314226 -0.000000 -0.000000 0.000000 1.000000 
75 -0.997349 -0.027662 -0.067306 0.218440 -0.032330 0.997073 0.069278 -0.004207 0.065193 0.071271 -0.995323 -0.500632 0.000000 -0.000000 0.000000 1.000000 
76 -0.956945 -0.039286 -0.287597 -0.361316 -0.060258 0.996100 0.064433 -0.016486 0.283945 0.078989 -0.955580 -0.534023 0.000000 -0.000000 0.000000 1.000000 
77 -0.875432 -0.031399 -0.482319 -0.639921 -0.067035 0.996130 0.056822 -0.028817 0.478669 0.082076 -0.874149 -0.459577 0.000000 -0.000000 0.000000 1.000000 
78 -0.760016 -0.016315 -0.649698 -0.867611 -0.062687 0.996863 0.048298 -0.035338 0.646873 0.077435 -0.758655 -0.308298 0.000000 -0.000000 0.000000 1.000000 
79 -0.730705 -0.017316 -0.682472 -1.027131 0.106220 0.984619 -0.138710 -0.099053 0.674379 -0.173848 -0.717627 -0.236626 0.000000 0.000000 0.000000 1.000000 
80 -0.733323 -0.018562 -0.679625 -1.026669 0.259749 0.916147 -0.305292 -0.146950 0.628305 -0.400410 -0.667010 -0.208588 0.000000 0.000000 0.000000 1.000000 
81 -0.739565 -0.020666 -0.672766 -1.029039 0.391958 0.799344 -0.455429 -0.193838 0.547185 -0.600516 -0.583067 -0.173371 0.000000 0.000000 0.000000 1.000000 
82 -0.732509 -0.019176 -0.680485 -1.034330 0.274091 0.906691 -0.320595 -0.160214 0.623139 -0.421354 -0.658904 -0.201666 0.000000 0.000000 0.000000 1.000000 
83 -0.727642 -0.018141 -0.685715 -1.034288 0.145529 0.972810 -0.180163 -0.119470 0.670341 -0.230885 -0.705218 -0.225857 0.000000 0.000000 0.000000 1.000000 
84 -0.715541 -0.015786 -0.698389 -1.056890 0.008560 0.999469 -0.031362 -0.099938 0.698516 -0.028418 -0.715027 -0.221058 0.000000 0.000000 0.000000 1.000000 
85 -0.558950 -0.003879 -0.829189 -1.015539 -0.051827 0.998195 0.030266 -0.056141 0.827578 0.059892 -0.558143 -0.020568 0.000000 -0.000000 0.000000 1.000000 
86 -0.379325 0.022601 -0.924985 -0.939857 -0.048395 0.997846 0.044227 -0.040514 0.923995 0.061541 -0.377415 0.178014 0.000000 -0.000000 0.000000 1.000000 
87 -0.180176 0.027888 -0.983236 -0.811999 -0.048503 0.998127 0.037198 -0.050281 0.982436 0.054392 -0.178486 0.354689 0.000000 -0.000000 0.000000 1.000000 
88 0.030726 0.031343 -0.999033 -0.652031 -0.045131 0.998529 0.029939 -0.057035 0.998507 0.044168 0.032095 0.504334 -0.000000 -0.000000 -0.000000 1.000000 
89 0.235528 0.036915 -0.971163 -0.486298 -0.047126 0.998533 0.026526 -0.055152 0.970722 0.039519 0.236923 0.611465 -0.000000 -0.000000 -0.000000 1.000000 
90 0.301688 0.029348 -0.952952 -0.450370 0.190473 0.977517 0.090404 0.114747 0.934185 -0.208785 0.289316 0.629068 -0.000000 -0.000000 -0.000000 1.000000 
91 0.300031 0.027136 -0.953540 -0.468088 0.405642 0.901085 0.153278 0.280388 0.863384 -0.432785 0.259347 0.581814 -0.000000 -0.000000 -0.000000 1.000000 
92 0.290703 0.031387 -0.956295 -0.455053 0.578319 0.790468 0.201746 0.391119 0.762256 -0.611693 0.211640 0.517035 -0.000000 -0.000000 -0.000000 1.000000 
93 0.283636 0.032305 -0.958384 -0.444290 0.739228 0.629240 0.239985 0.491707 0.610810 -0.776534 0.154595 0.421674 -0.000000 -0.000000 -0.000000 1.000000 
94 0.285393 0.030452 -0.957923 -0.448076 0.593982 0.778774 0.201721 0.390713 0.752152 -0.626560 0.204169 0.501634 -0.000000 -0.000000 -0.000000 1.000000 
95 0.296143 0.027706 -0.954738 -0.452250 0.367874 0.919153 0.140782 0.235997 0.881455 -0.392916 0.262010 0.582588 -0.000000 -0.000000 -0.000000 1.000000 
96 0.297013 0.028554 -0.954443 -0.411845 0.175978 0.980791 0.084105 0.092095 0.938515 -0.192942 0.286283 0.583180 -0.000000 -0.000000 -0.000000 1.000000 
97 0.320552 0.024673 -0.946906 -0.404240 -0.015995 0.999655 0.020633 -0.038201 0.947093 0.008532 0.320837 0.594025 -0.000000 -0.000000 -0.000000 1.000000 
98 0.490403 0.002211 -0.871488 -0.240031 -0.099196 0.993635 -0.053298 -0.124752 0.865829 0.112586 0.487503 0.632138 -0.000000 0.000000 -0.000000 1.000000 
99 0.476045 0.008895 -0.879372 -0.260033 -0.292803 0.944495 -0.148954 -0.267622 0.829242 0.328392 0.452228 0.569677 -0.000000 0.000000 -0.000000 1.000000 
100 0.405698 0.003778 -0.913995 -0.337283 -0.464630 0.861994 -0.202674 -0.370751 0.787097 0.506896 0.351466 0.470918 -0.000000 0.000000 -0.000000 1.000000 
101 0.161089 0.012419 -0.986857 -0.555541 -0.512671 0.855478 -0.072920 -0.321696 0.843334 0.517682 0.144176 0.370509 -0.000000 0.000000 -0.000000 1.000000 
102 -0.098372 0.028538 -0.994736 -0.754944 -0.553227 0.829319 0.078502 -0.244399 0.827198 0.558039 -0.065794 0.220808 0.000000 -0.000000 0.000000 1.000000 
103 -0.266199 0.042505 -0.962976 -0.865050 -0.627621 0.750593 0.206625 -0.171387 0.731590 0.659389 -0.173131 0.086893 0.000000 -0.000000 0.000000 1.000000 
104 -0.079895 0.053997 -0.995335 -0.764514 -0.581591 0.808421 0.090541 -0.238914 0.809544 0.586114 -0.033185 0.220018 0.000000 -0.000000 0.000000 1.000000 
105 0.096724 0.053287 -0.993879 -0.642368 -0.470123 0.882594 0.001568 -0.258302 0.877280 0.467096 0.110420 0.350487 -0.000000 -0.000000 -0.000000 1.000000 
106 -0.094602 0.082684 -0.992070 -0.803315 -0.416523 0.901832 0.114882 -0.169143 0.904185 0.424090 -0.050875 0.247805 0.000000 -0.000000 0.000000 1.000000 
107 -0.098380 0.084312 -0.991566 -0.806643 -0.413679 0.902763 0.117805 -0.164340 0.905087 0.421781 -0.053936 0.248286 0.000000 -0.000000 0.000000 1.000000 
